[ 22|   |   |   ] 



[ 22| 35|   |   ]



[ 22| 35| 41|   ]



[ 12| 22| 35| 41]



[ 22|   |   |   ]
+---[ 12| 17|   |   ]
+---[ 22| 35| 41|   ]



[ 22|   |   |   ]
+---[ 12| 17|   |   ]
+---[ 22| 35| 41| 43]




[ 22|   |   |   ]
+---[  8| 12| 17|   ]
+---[ 22| 35| 41| 43]



[ 22| 35|   |   ]
+---[  8| 12| 17|   ]
+---[ 22| 27|   |   ]
+---[ 35| 41| 43|   ]



[ 22| 35|   |   ]
+---[  8| 12| 17|   ]
+---[ 22| 27|   |   ]
+---[ 35| 41| 43| 64]



[ 22| 35| 43|   ]
+---[  8| 12| 17|   ]
+---[ 22| 27|   |   ]
+---[ 35| 41|   |   ]
+---[ 43| 50| 64|   ]



[ 22| 35| 43|   ]
+---[  5|  8| 12| 17]
+---[ 22| 27|   |   ]
+---[ 35| 41|   |   ]
+---[ 43| 50| 64|   ]



[ 22| 35| 43|   ]
+---[  5|  8| 12| 17]
+---[ 22| 27| 32|   ]
+---[ 35| 41|   |   ]
+---[ 43| 50| 64|   ]




[ 22| 35| 43|   ]
+---[  5|  8| 12| 17]
+---[ 22| 27| 32|   ]
+---[ 35| 41|   |   ]
+---[ 43| 50| 61| 64]



[ 22| 35| 43|   ]
+---[  5|  8| 12| 17]
+---[ 22| 25| 27| 32]
+---[ 35| 41|   |   ]
+---[ 43| 50| 61| 64]



[ 22| 35| 43| 52]
+---[  5|  8| 12| 17]
+---[ 22| 25| 27| 32]
+---[ 35| 41|   |   ]
+---[ 43| 50|   |   ]
+---[ 52| 61| 64|   ]


[ 35|   |   |   ]
+---[ 12| 22|   |   ]
|   +---[  5|  8|   |   ]
|   +---[ 12| 17| 19|   ]
|   +---[ 22| 25| 27| 32]
+---[ 35| 43| 52|   ]    
    +---[ 35| 41|   |   ]
    +---[ 43| 50|   |   ]
    +---[ 52| 61| 64|   ]
